0.000000 0.000000 0.999989 0.004596 0.000260 -0.000273 -0.060976 -0.060976 -0.060976 -0.324194 0.303259 -1.070679
0.000000 0.000000 0.999997 0.002211 -0.000105 -0.000600 -0.060976 -0.121951 -0.060976 -0.322400 0.310437 -1.062305
0.000000 0.000000 0.999999 0.000946 -0.000220 -0.000955 -0.060976 -0.060976 0.000000 -0.312830 0.314026 -1.068286
0.000000 0.000000 0.999999 0.000087 -0.000420 -0.001370 -0.060976 -0.060976 0.000000 -0.309241 0.312830 -1.066492
0.000000 0.000000 0.999998 -0.000354 -0.000446 -0.001719 -0.060976 -0.060976 -0.060976 -0.325989 0.315222 -1.052136
0.000000 0.000000 0.999998 -0.000566 -0.000450 -0.002056 -0.060976 -0.121951 -0.060976 -0.317615 0.306848 -1.056323
0.000000 0.000000 0.999997 -0.000790 -0.000449 -0.002457 -0.060976 -0.060976 -0.060976 -0.316418 0.311035 -1.065894
0.000000 0.000000 0.999994 0.001986 -0.000506 -0.002795 -0.060976 -0.060976 -0.060976 -0.336157 0.303857 -1.052136
0.000000 0.000000 0.999995 0.000868 -0.000525 -0.003124 -0.060976 -0.060976 -0.060976 -0.321802 0.309839 -1.055127
0.000000 0.000000 0.999987 0.003478 -0.000527 -0.003558 -0.060976 -0.060976 -0.060976 -0.318811 0.305054 -1.058118
0.702092 0.711961 0.999992 0.001457 -0.000681 -0.003521 -0.121951 -0.426829 0.365854 -0.283521 0.286511 -1.052136
-17.785391 2.447559 0.999985 0.001754 -0.003111 0.004061 -1.463415 -0.121951 -1.646341 -0.709399 0.214734 -1.437939
17.924149 119.718018 0.999998 -0.001508 0.000951 -0.001214 0.060976 0.792683 -4.390244 -0.378625 0.492273 -1.047351
-23.712088 35.121429 0.999999 -0.000656 -0.001284 0.000281 1.463415 0.426829 -0.060976 0.777588 0.815869 -0.841589
18.080883 2.206571 0.999959 0.006646 -0.005100 0.003448 2.317073 1.585366 8.597561 -0.120227 0.614294 -0.960620
18.157022 157.437256 0.999736 0.002118 -0.002668 -0.022731 -1.158537 -1.646341 2.804878 -1.196887 -0.522778 -0.974976
-14.308043 175.615616 0.999798 -0.001393 0.002008 -0.019966 -1.219512 0.060976 -8.963415 -0.381018 0.200977 -1.124512
-22.342609 131.834534 0.999885 -0.002727 0.001237 -0.014887 -0.182927 0.304878 -8.597561 0.222510 0.584387 -1.230981
0.181321 44.407673 0.999872 0.003744 -0.006321 -0.014241 1.951220 0.060976 10.304878 0.254810 0.614294 -0.791943
-27.786259 115.450668 0.999538 0.003405 -0.003769 -0.029966 0.609756 -0.365854 3.597561 -0.504236 -0.195593 -0.940881
-30.684036 221.017059 0.999414 -0.003984 -0.000073 -0.033995 -1.219512 -0.121951 -4.207317 -0.748877 0.122620 -1.038977
-24.030743 153.470612 0.999807 -0.006058 -0.000977 -0.018686 -2.378049 -0.487805 -6.402439 -0.136377 0.481506 -1.173560
-19.331329 68.044670 0.999956 -0.002348 -0.003312 -0.008514 -0.609756 -2.134146 -0.609756 -0.072974 1.350610 -0.785364
-24.380571 51.176445 0.999907 0.001313 -0.007961 -0.011007 0.670732 -1.768293 10.853659 -0.665137 0.362476 -0.954639
-15.701387 194.143417 0.999759 0.002908 -0.004875 -0.021220 0.548780 0.914634 2.804878 -0.555676 -0.087927 -1.165784
-50.264278 215.029282 0.999790 -0.004368 -0.001145 -0.019995 -1.890244 -0.243902 -6.280488 -0.637622 0.245239 -0.974976
-55.243114 205.401596 0.999718 -0.004960 -0.000438 -0.023228 -1.280488 0.304878 -6.829268 -0.178247 0.448010 -1.138269
-35.985703 124.797150 0.999919 -0.001751 -0.005543 -0.011348 0.121951 -0.853659 2.743902 0.398962 1.254907 -1.043762
-32.540298 153.427124 0.999855 0.000941 -0.007867 -0.015075 0.243902 -0.914634 8.292683 -0.364868 0.605920 -0.947461
-44.898613 272.969910 0.999616 0.002212 -0.004777 -0.027222 0.731707 0.243902 8.902439 -0.674707 -0.104675 -1.315320
-101.697243 379.909485 0.999251 -0.006212 0.002122 -0.038141 -0.792683 1.646341 -2.743902 -0.613098 -0.489282 -1.168176
-78.365868 361.094971 0.999539 -0.004168 -0.001433 -0.030038 -0.060976 -0.060976 -0.121951 -0.333765 0.383411 -1.030005
-78.363625 361.097260 0.999520 -0.004330 -0.001426 -0.030629 0.000000 0.000000 -0.060976 -0.331372 0.387598 -1.039575
-78.358696 361.102234 0.999506 -0.004426 -0.001528 -0.031094 -0.060976 -0.121951 -0.060976 -0.336755 0.382214 -1.042566
-79.015015 360.358765 0.999491 -0.004467 -0.001605 -0.031541 -0.060976 -0.060976 -0.060976 -0.350513 0.373840 -1.043762
-79.004105 360.368652 0.999475 -0.004598 -0.001555 -0.032038 0.000000 -0.060976 -0.121951 -0.344531 0.388794 -1.030005
-78.993599 360.377960 0.999458 -0.004599 -0.001537 -0.032546 0.000000 0.000000 -0.121951 -0.341541 0.376831 -1.044958
