0.000000 0.000000 0.999999 0.000952 0.000525 -0.000886 0.000000 0.000000 -0.060976 -0.676501 0.355298 -1.131091
0.000000 0.000000 0.999999 0.000757 0.000483 -0.001071 0.000000 0.000000 -0.060976 -0.675903 0.354102 -1.146045
0.000000 0.000000 0.999999 0.000665 0.000445 -0.001266 0.000000 0.000000 -0.060976 -0.661548 0.352307 -1.128699
0.000000 0.000000 0.999999 0.000676 0.000549 -0.001394 0.000000 0.000000 -0.060976 -0.647791 0.352905 -1.140063
0.000000 0.000000 0.999998 0.000658 0.000617 -0.001579 0.000000 0.000000 0.000000 -0.655566 0.350513 -1.125708
0.000000 0.000000 0.999998 0.000655 0.000563 -0.001763 0.000000 0.000000 -0.060976 -0.671716 0.342737 -1.141858
0.000000 0.000000 0.999998 0.000552 0.000576 -0.001879 0.000000 0.000000 -0.060976 -0.684277 0.346924 -1.138269
0.000000 0.000000 0.999998 0.000552 0.000482 -0.002007 0.000000 0.000000 0.000000 -0.666333 0.354102 -1.139465
0.000000 0.000000 0.999997 0.000577 0.000497 -0.002134 0.000000 0.000000 0.000000 -0.672913 0.354102 -1.132288
0.000000 0.000000 0.999997 0.000590 0.000380 -0.002299 0.000000 -0.060976 -0.060976 -0.662744 0.359485 -1.102979
0.000000 0.000000 0.999997 0.000604 0.000393 -0.002472 0.000000 -0.060976 -0.060976 -0.675903 0.345728 -1.134680
0.000000 0.000000 0.999996 0.000660 0.000415 -0.002604 0.000000 0.000000 -0.060976 -0.671118 0.348120 -1.119128
0.000000 0.000000 0.999996 0.000640 0.000414 -0.002780 0.000000 0.000000 -0.060976 -0.671716 0.352307 -1.125708
0.000000 0.000000 0.999995 0.000660 0.000477 -0.003025 0.000000 0.000000 -0.060976 -0.663342 0.347522 -1.134680
0.000000 0.000000 0.999995 0.000117 0.000475 -0.003153 -0.060976 -0.060976 -0.060976 -0.657959 0.334363 -1.132886
0.000000 0.000000 0.999995 -0.000169 0.000455 -0.003269 0.000000 -0.060976 0.000000 -0.669922 0.348718 -1.116736
0.000000 0.000000 0.999994 -0.000336 0.000411 -0.003441 -0.060976 -0.060976 -0.060976 -0.674707 0.343933 -1.144250
0.000000 0.000000 0.999993 -0.000556 0.000416 -0.003659 -0.060976 -0.121951 -0.060976 -0.675903 0.360681 -1.125708
0.000000 0.000000 0.999992 -0.000573 0.000402 -0.003838 -0.060976 -0.060976 -0.060976 -0.639417 0.350513 -1.116736
-24.831078 18.942055 0.999994 -0.001482 0.001002 -0.002817 0.548780 0.792683 -0.731707 -0.644800 0.538928 -1.076062
-221.301895 209.874954 0.999987 -0.002428 0.000485 -0.004440 0.304878 -0.426829 -0.426829 -0.651978 0.439038 -1.166980
-546.783142 532.031921 0.999996 -0.001312 0.000719 -0.002258 0.182927 0.000000 3.292683 -0.650183 0.196790 -1.108362
-883.861328 903.208801 0.999990 -0.000156 0.000387 0.004489 0.426829 0.487805 0.304878 -0.596948 0.217126 -1.098193
-1163.076416 1195.175537 0.999966 0.006310 0.000141 0.005235 0.000000 -0.182927 0.243902 -0.633435 0.206360 -1.088623
-1367.919678 1407.406860 0.999977 0.004604 0.000492 0.004923 -0.426829 -0.670732 -0.060976 -0.737512 0.111853 -1.128699
-1520.569824 1575.545044 0.999965 0.004012 0.001215 0.007225 -0.853659 -0.243902 -1.341463 -0.553882 0.321204 -1.105371
-1649.316772 1711.125732 0.999971 0.003708 0.000883 0.006644 -0.060976 0.121951 -0.182927 -0.856543 0.370850 -1.070081
-1810.040894 1876.987183 0.999969 0.002381 0.001868 0.007289 0.304878 0.731707 0.000000 -0.626855 0.314624 -1.070081
-2004.820190 2073.899414 0.999965 0.002885 0.002175 0.007498 0.670732 1.402439 -0.731707 -0.458777 0.211743 -1.142456
-2249.766113 2318.274902 0.999968 0.000975 0.001751 0.007695 0.731707 0.792683 -0.304878 -0.760242 0.349915 -0.931311
-2504.666992 2571.104736 0.999981 -0.000531 0.002032 0.005844 -0.670732 -0.243902 -1.219512 -0.612500 0.388794 -1.102380
-2774.970703 2784.868652 0.999719 -0.000880 0.004311 -0.023274 -0.853659 0.000000 -6.463415 -0.336755 0.169275 -0.969592
-3101.648682 2604.124023 0.999990 0.002575 -0.000188 0.003632 0.426829 0.000000 8.597561 -0.257202 0.523975 -1.210046
-3455.562256 2830.586914 0.999772 -0.002240 0.002850 -0.021052 0.609756 0.609756 -0.670732 -1.263879 0.177649 -1.054529
-3807.050781 2607.138672 0.999935 -0.000549 0.003512 0.010818 0.243902 0.487805 -1.890244 -0.467749 0.659753 -1.049744
-4091.464111 2656.739990 0.999961 -0.003774 0.007907 0.001185 -0.243902 0.609756 -2.256098 -0.537732 0.573022 -1.072473
-4343.817383 2720.042725 0.999949 -0.003736 0.008307 0.004306 -0.792683 0.121951 -7.560976 -0.752466 0.105273 -1.014453
-4635.354004 2635.948242 0.999819 -0.005091 0.008860 -0.016029 0.609756 1.097561 -3.536585 -0.510217 0.336755 -1.071277
-4899.452637 2470.769287 0.999909 -0.001869 0.008491 -0.010352 0.121951 -0.060976 2.804878 -0.373242 0.477319 -0.984546
-5166.995117 2273.559814 0.999952 -0.001937 0.009174 -0.002873 0.000000 0.548780 2.256098 -0.426477 0.495862 -1.105969
-5329.912109 2182.895264 0.999849 -0.001358 0.013951 -0.010228 0.975610 0.548780 -3.231707 -0.446814 0.336755 -1.059912
-5340.396484 2177.739746 0.999858 -0.001392 0.011747 -0.012008 0.243902 -0.121951 -0.792683 -1.056921 0.394775 -1.077258
-5603.758301 1870.541382 0.999938 -0.000146 0.008358 -0.007402 -0.426829 -1.585366 1.646341 -0.424084 0.409131 -1.088623
-5808.049805 1634.051758 0.999929 0.000198 0.010164 -0.006231 -0.182927 -0.426829 0.121951 -0.448010 0.346924 -1.076660
-5983.745605 1429.652832 0.999934 0.000566 0.010754 -0.004015 0.060976 0.121951 0.182927 -0.449207 0.353503 -1.149634
-6120.908691 1255.932617 0.999946 0.000892 0.010021 -0.002558 -0.304878 -0.182927 -1.524390 -0.302063 0.301465 -1.059314
-6243.557617 924.121765 0.999975 0.001108 0.005825 0.003931 -0.243902 -0.365854 0.121951 -0.624463 0.487488 -1.093408
-6530.012207 625.049561 0.999976 0.001329 0.004908 0.004646 0.487805 0.365854 -0.548780 -0.529956 0.344531 -1.044958
-6676.508301 392.792267 0.999848 0.001695 0.005712 -0.016410 -0.304878 -0.792683 0.121951 -0.809290 0.078357 -0.999500
-6828.421875 51.132187 0.999994 0.000857 0.003301 0.000186 0.426829 -0.243902 0.853659 -0.707007 0.389392 -1.104175
-7014.926758 -278.761383 0.999900 0.003864 0.002274 0.013427 0.853659 -0.792683 3.475610 -0.647791 0.439038 -0.890637
-7318.941895 -590.350220 0.999890 0.001312 -0.000179 0.014762 -0.670732 -0.914634 0.182927 -0.515002 0.498853 -0.806299
-7611.189941 -882.352600 0.999880 0.000885 0.002009 0.015360 -0.426829 -0.975610 0.609756 -0.735120 0.440234 -1.049146
-7858.834473 -1126.901978 0.999886 0.000451 0.001993 0.014984 -0.182927 -0.426829 0.000000 -0.656763 0.402551 -1.039575
-8108.431152 -1366.428467 0.999901 0.000455 0.002194 0.013900 -0.731707 -0.548780 0.426829 -0.794336 0.255408 -1.046155
-8372.250000 -1611.275513 0.999883 -0.000476 0.002152 0.015130 0.121951 0.000000 -0.060976 -0.656763 0.444421 -1.013855
-8587.508789 -1798.273560 0.999888 0.003418 0.003101 0.014210 -0.670732 -0.914634 0.304878 -0.678894 0.377429 -1.077258
-8943.363281 -1851.230835 0.999917 0.001273 0.003347 0.012392 0.000000 1.524390 -0.487805 -0.510217 0.095703 -1.140662
-9207.140625 -2029.142700 0.999186 0.005566 0.001795 0.039920 0.426829 -0.487805 5.243902 0.020935 0.154919 -0.975574
-9391.724609 -1976.868286 0.999741 0.001310 0.002576 0.022581 0.853659 0.731707 -6.524390 -0.448608 0.318213 -1.093408
-9717.622070 -1921.746338 0.999984 0.005044 -0.001251 0.002418 0.365854 -0.853659 3.658537 -0.646594 0.260193 -1.133484
-10137.340820 -1862.096802 0.999940 0.003444 0.003646 -0.009699 -0.487805 -0.121951 -4.146341 -0.700427 0.205164 -1.080249
-10556.824219 -1958.253540 0.999957 0.006314 -0.000378 0.006735 0.365854 -0.792683 3.902439 -0.648987 0.322998 -1.067688
-10915.495117 -1820.813965 0.999973 0.003370 0.002697 0.005875 -1.280488 0.670732 -7.134146 -0.495264 0.388196 -1.168774
-11259.486328 -1559.850220 0.999161 0.000190 0.005055 -0.040650 -0.304878 0.304878 -7.439024 -0.521582 0.233875 -1.066492
-11478.042969 -1399.031860 0.998392 0.001752 0.004925 -0.056447 -0.304878 -0.487805 0.121951 -0.645996 0.278735 -1.034192
-11934.521484 -1432.574463 0.999930 0.004964 -0.000263 -0.010710 1.158537 -0.060976 7.987805 -0.042468 -0.072375 -1.287805
-12139.345703 -1463.280884 0.999763 0.006468 0.001304 0.020758 0.121951 -0.182927 1.158537 -0.101086 -0.114246 -1.125708
-12440.641602 -1110.198364 0.999635 0.000018 0.000427 0.027024 0.121951 -0.609756 1.646341 -0.716577 0.565845 -1.140063
-12715.547852 -781.920837 0.999684 -0.000699 0.000251 0.025133 0.121951 0.609756 -0.304878 -0.630444 0.205164 -1.042566
-12785.690430 -702.458069 0.999700 0.001638 -0.000277 0.024454 0.060976 0.000000 -0.182927 -0.680688 0.348718 -1.070081
-12784.343750 -703.936340 0.999720 -0.000376 0.000047 0.023662 0.000000 -0.060976 -0.060976 -0.670520 0.385803 -1.071277
-12726.212891 -599.869812 0.999771 0.000111 0.006151 0.020503 0.548780 1.097561 -4.451220 0.139966 0.766821 -1.265076
-12592.915039 -97.531578 0.999936 -0.002135 0.002770 -0.010797 0.975610 0.609756 4.634146 -1.027612 0.529358 -1.079651
-12643.548828 391.459045 0.999987 -0.002649 0.003734 -0.002258 -0.365854 0.731707 -3.475610 -0.503040 0.816467 -1.113745
-12563.237305 746.588501 0.999932 0.000393 0.001597 -0.011532 -0.060976 -0.304878 2.378049 -0.712988 0.430066 -1.178345
-12493.604492 1029.585571 0.999782 -0.002371 0.003750 -0.020405 -1.036585 -0.548780 -3.475610 -0.632837 0.379224 -0.975574
-12398.610352 1309.244751 0.999368 -0.000859 0.002079 -0.035485 0.487805 0.365854 -0.304878 -0.620276 0.299072 -1.075464
-12270.511719 1674.716553 0.998474 -0.004559 0.006374 -0.054670 0.670732 0.792683 -7.926829 -0.656165 0.098694 -1.106567
-12120.527344 2034.716553 0.997982 -0.001881 0.002338 -0.063422 0.121951 -0.792683 6.219512 -0.876880 0.236267 -1.085632
-11999.863281 2224.028809 0.999509 0.001227 0.001744 -0.031264 -0.121951 -0.487805 1.646341 -0.635828 0.339148 -1.153223
-11767.002930 2492.000488 0.999508 0.001063 0.003952 -0.031109 -0.487805 -0.548780 0.365854 -0.590369 0.244641 -1.006677
-11487.980469 2797.869141 0.999566 0.000723 0.002767 -0.029335 0.121951 -1.097561 0.975610 -0.796130 0.284119 -0.933704
-11458.781250 2833.469482 0.999549 0.000678 0.001534 -0.029973 -0.060976 -0.121951 -0.060976 -0.597546 0.355896 -1.015649
-11458.781250 2833.469482 0.999530 0.002801 0.003115 -0.030363 0.000000 0.000000 -0.121951 -0.581995 0.351111 -1.042566
-11446.583984 2830.622559 0.999569 0.001919 0.003547 -0.029093 0.060976 -0.182927 1.768293 -0.571826 0.404346 -1.032996
-11333.035156 2949.087646 0.999601 0.001160 0.004960 -0.027783 0.000000 0.182927 -0.914634 -0.623267 0.333765 -1.064099
-11169.453125 3007.985596 0.999827 0.004557 0.004284 -0.017495 0.975610 -0.304878 8.109756 -0.537732 0.108862 -1.078455
-10855.270508 2961.334717 0.999977 0.003678 0.005781 -0.000097 -0.548780 -0.426829 -5.182927 -0.599939 0.212939 -1.062305
-10532.872070 2909.286865 0.999921 0.001348 0.004499 0.011627 0.182927 -0.426829 4.695122 -0.363074 0.336157 -1.169971
-10351.565430 2963.891357 0.999874 -0.000615 0.006485 0.014443 -0.243902 0.304878 -7.317073 -0.176453 0.191406 -1.005481
-10181.817383 3101.423584 0.999755 -0.002735 0.008498 -0.020278 0.060976 0.548780 -4.085366 -0.412720 0.367859 -1.031201
-9971.611328 2983.803711 0.999907 -0.001109 0.005593 -0.012368 0.487805 -0.426829 0.426829 -0.207556 0.516797 -1.093408
-9728.334961 2983.395996 0.999927 -0.001108 0.004516 -0.011177 0.853659 -0.487805 5.426829 -0.791345 0.201575 -1.070679
-9561.791992 2910.609619 0.999721 -0.000285 0.005394 0.022980 0.000000 -0.365854 2.256098 -0.372644 0.702222 -1.088025
-9425.407227 2849.356934 0.999514 0.000325 0.005571 0.030659 -0.914634 -0.182927 -7.073171 -0.271558 0.416907 -1.016846
-9161.271484 2819.926758 0.999983 0.000524 0.005737 -0.001245 0.487805 -0.243902 -1.158537 -0.619080 0.379224 -0.939087
-8889.612305 2586.688721 0.999986 0.001157 0.004238 0.002851 0.060976 -0.365854 1.158537 -0.561658 0.309241 -1.083838
-8627.093750 2330.159912 0.999983 0.000628 0.004595 0.003424 0.792683 -0.182927 0.365854 -0.669922 0.431860 -1.073071
-8366.774414 2075.711914 0.999985 -0.000410 0.005284 0.001056 -0.121951 -0.609756 -0.243902 -0.580200 0.379822 -1.084436
-8114.520020 1827.375244 0.999980 0.000439 0.006218 -0.000731 0.182927 0.060976 -0.182927 -0.528760 0.223108 -1.065894
-7883.743164 1574.420044 0.999911 0.003180 0.006915 -0.010958 -0.243902 0.365854 -3.658537 -0.472534 0.347522 -0.853552
-7700.632324 1341.130737 0.999790 0.001829 0.005016 -0.019792 0.000000 -0.304878 0.914634 -0.604126 0.452795 -0.942676
-7517.094727 1126.358643 0.999906 0.000148 0.004306 -0.013028 -0.609756 0.060976 -0.365854 -0.511414 0.933704 -0.958826
-7516.268555 1121.433228 0.999894 -0.000018 0.004291 -0.013881 -0.426829 -0.548780 -0.487805 -0.771008 0.279333 -1.011462
-7632.869629 920.513306 0.999491 0.000613 0.004711 -0.031536 -0.975610 -0.426829 -3.475610 -0.525171 -0.142358 -1.037781
-7362.062012 400.748535 0.999959 0.007875 0.002242 0.003978 0.853659 0.365854 2.073171 -0.302063 0.521582 -1.062903
-7204.344238 49.011585 0.999824 0.002363 0.001752 -0.018526 -0.853659 -0.426829 -2.682927 -0.818262 0.100488 -1.236963
-6972.660645 -455.864929 0.999933 0.006336 0.004098 -0.008790 0.304878 -0.609756 3.231707 -0.780579 0.413318 -1.102979
-6733.413086 -896.373535 0.999886 0.005134 0.006206 -0.012781 0.000000 0.426829 -3.231707 -0.517395 0.498254 -1.015649
-6612.426270 -1029.244873 0.999427 0.001162 0.006257 -0.033239 -1.158537 -0.731707 -3.658537 -0.474927 0.258997 -0.973779
-6571.597168 -1070.684082 0.999170 0.001337 0.005248 -0.040374 1.219512 0.975610 0.670732 -0.500049 0.957031 -1.231580
-6538.651367 -1101.382324 0.999111 0.004482 0.004746 -0.041651 0.000000 0.060976 -0.060976 -0.450403 -0.019739 -1.001294
-6332.134766 -1269.079956 0.999025 0.006964 0.003506 -0.043453 -0.121951 -0.182927 -0.548780 -0.660950 0.184827 -0.992322
-6072.789063 -1470.313477 0.999049 0.008281 0.003978 -0.042620 0.487805 0.121951 0.182927 -0.474927 0.074768 -1.082642
-5663.976074 -1482.118896 0.998671 0.007683 0.002678 -0.050893 -1.158537 -0.548780 199.024390 -1.216626 0.087329 -0.981555
-5331.667969 -1563.748535 0.998673 0.006110 0.003487 -0.051021 0.365854 0.243902 -0.853659 -0.707007 0.181836 -0.936694
-4962.694824 -1536.495117 0.998750 0.004545 0.006221 -0.049394 -0.914634 -0.060976 -1.585366 -0.526965 0.174658 -1.041968
-4652.301270 -1535.672607 0.998681 0.004013 0.006538 -0.050775 0.000000 0.304878 -2.195122 -0.495862 0.116638 -1.050342
-4183.176270 -1478.397095 0.998457 0.003613 0.008573 -0.054754 -2.073171 -1.280488 2.865854 -0.513208 0.120825 -0.934302
-3861.649902 -1475.471680 0.999027 -0.000956 0.005844 -0.043704 -0.121951 -0.182927 0.670732 -0.397766 0.300269 -0.988733
-3706.855469 -1528.309570 0.999780 0.003454 0.005123 -0.020026 -0.243902 -0.182927 1.158537 -0.616687 0.483301 -1.006079
-3486.546631 -1523.597900 0.999335 0.000869 0.009855 -0.035099 -3.414634 -24.695122 -163.902439 -0.624463 0.477319 -1.029407
-3236.923096 -1474.671387 0.998651 -0.001042 0.009233 -0.051085 -0.670732 0.609756 -6.341463 -0.476123 0.437842 -1.162195
-2954.731934 -1324.351563 0.998160 -0.002692 0.008850 -0.059921 0.304878 0.243902 -1.097561 -0.210547 0.783569 -1.162793
-2594.522217 -1245.247925 0.999509 0.003507 0.002514 -0.031050 1.097561 -1.768293 5.792683 -0.489880 0.053235 -0.895422
-2144.233643 -827.441895 0.999393 -0.000225 0.001392 -0.034817 0.060976 0.426829 0.975610 -0.869702 0.186621 -0.913965
-1723.161743 -279.294952 0.999089 -0.003437 0.002362 -0.042460 0.609756 0.304878 -3.780488 -0.513806 0.664539 -0.893628
-1291.250000 342.470642 0.998584 0.000238 -0.001632 -0.053170 0.731707 0.487805 -0.121951 -0.756055 0.200378 -1.079053
-1103.387451 643.193237 0.998407 0.000031 -0.002831 -0.056350 -0.182927 0.000000 1.646341 -0.654370 0.179443 -1.098792
-992.939087 794.505859 0.999197 0.002197 -0.005944 -0.039561 0.060976 -0.121951 -0.121951 -0.609509 0.315820 -1.013257
-992.939087 794.505859 0.999190 0.001921 -0.003917 -0.040013 0.000000 -0.060976 -0.121951 -0.689063 0.330774 -1.003687
-993.590027 793.747620 0.999175 0.001616 -0.002743 -0.040499 -0.121951 -0.121951 0.000000 -0.769812 0.361877 -0.989929
-952.212646 842.507690 0.999323 0.001106 -0.001238 -0.036741 0.060976 0.121951 -2.926829 -0.576013 0.400159 -0.989331
-824.789368 936.823364 0.998722 0.001086 -0.002108 -0.050479 -0.487805 -0.792683 1.280488 -1.003088 0.242847 -1.001294
-646.639954 803.635925 0.999329 0.001908 -0.002550 -0.036492 0.548780 -0.365854 2.195122 -0.617285 0.580200 -1.101184
-500.084564 932.144226 0.998715 -0.000432 0.000746 -0.050676 -0.365854 0.121951 -3.109756 -0.708801 0.309241 -1.104175
-427.298645 937.661255 0.998671 0.000360 -0.001637 -0.051508 0.060976 -0.487805 2.621951 -0.354102 0.554480 -1.016248
-430.890594 937.998230 0.998521 0.000010 -0.000424 -0.054372 0.060976 0.000000 -0.548780 -0.628052 0.409131 -0.997107
-431.034882 939.406311 0.998501 0.000425 -0.000372 -0.054727 0.060976 -0.060976 -0.121951 -0.692053 0.354700 -0.993518
-431.034882 939.406311 0.998469 0.003064 -0.000130 -0.055231 0.000000 -0.060976 -0.121951 -0.670520 0.343335 -0.989331
-431.034882 939.406311 0.998441 0.001987 -0.000066 -0.055776 0.060976 -0.060976 -0.121951 -0.662146 0.358887 -1.018640
-431.034882 939.406311 0.998416 0.001519 0.000007 -0.056239 0.000000 -0.060976 -0.121951 -0.662146 0.354102 -1.001892
-431.034882 939.406311 0.998387 0.001218 0.000019 -0.056757 0.000000 -0.060976 -0.060976 -0.672913 0.340942 -0.988733
-431.034882 939.406311 0.998359 0.000916 -0.000004 -0.057259 0.000000 -0.060976 -0.121951 -0.669922 0.345129 -1.003687
-431.034882 939.406311 0.998328 0.000782 -0.000076 -0.057801 0.000000 -0.060976 -0.121951 -0.684875 0.354102 -1.016846
-431.034882 939.406311 0.998285 0.004186 0.000136 -0.058399 0.000000 -0.060976 -0.121951 -0.673511 0.354102 -1.003687
-431.034882 939.406311 0.998259 0.002621 0.000013 -0.058927 0.000000 -0.060976 -0.121951 -0.672314 0.346924 -1.005481
-431.034882 939.406311 0.998249 0.001711 0.000059 -0.059129 -0.060976 -0.060976 0.000000 -0.665137 0.343335 -1.001892
-431.034882 939.406311 0.998251 0.003249 0.000372 -0.059035 0.000000 0.000000 0.000000 -0.667529 0.357690 -1.008472
-431.034882 939.406311 0.998259 0.001844 0.000314 -0.058952 -0.060976 -0.121951 0.000000 -0.701624 0.339148 -1.001294
-431.034882 939.406311 0.998265 0.001057 0.000371 -0.058864 0.000000 0.000000 0.000000 -0.665137 0.346924 -0.989929
-431.034882 939.406311 0.998270 0.000618 0.000382 -0.058785 0.000000 0.000000 0.000000 -0.679492 0.346924 -1.001294
-431.034882 939.406311 0.998278 0.000377 0.000396 -0.058666 0.000000 0.000000 0.000000 -0.672314 0.354102 -0.985742
-430.252502 938.783752 0.998265 0.000264 0.000892 -0.058878 -0.121951 0.731707 -0.487805 -0.696838 0.352905 -1.171765
-430.408020 940.190369 0.998282 0.000005 0.000624 -0.058582 0.000000 0.000000 0.000000 -0.660352 0.352905 -0.992322
-430.408020 940.190369 0.998288 0.000036 0.000637 -0.058483 0.000000 0.000000 0.000000 -0.664539 0.352905 -0.982153
-430.408020 940.190369 0.998287 0.002968 0.000816 -0.058424 0.000000 -0.060976 0.000000 -0.669922 0.355298 -1.007275
-430.408020 940.190369 0.998294 0.001533 0.000672 -0.058361 0.000000 0.000000 0.000000 -0.680688 0.346924 -1.010864
-430.408020 940.190369 0.998298 0.000849 0.000553 -0.058303 0.000000 -0.060976 0.000000 -0.663940 0.352307 -0.984546
-430.408020 940.190369 0.998301 0.000504 0.000506 -0.058256 -0.060976 -0.121951 0.000000 -0.669922 0.348718 -1.000696
-430.408020 940.190369 0.998305 0.000171 0.000456 -0.058195 0.000000 0.000000 0.000000 -0.675305 0.349915 -0.987537
-430.408020 940.190369 0.998309 0.000018 0.000490 -0.058125 0.000000 -0.060976 0.000000 -0.674109 0.354102 -0.988135
-430.408020 940.190369 0.998312 -0.000070 0.000414 -0.058080 -0.060976 0.000000 0.000000 -0.705811 0.375037 -0.979761
-430.408020 940.190369 0.998315 -0.000023 0.000492 -0.058033 0.000000 0.000000 0.000000 -0.642407 0.349316 -0.989331
-430.408020 940.190369 0.998310 0.003311 0.000738 -0.058017 0.000000 0.000000 0.000000 -0.670520 0.340344 -0.979761
-430.408020 940.190369 0.998317 0.001769 0.000698 -0.057970 0.000000 0.000000 0.000000 -0.677100 0.360083 -0.980957
-430.408020 940.190369 0.998313 0.003786 0.000763 -0.057939 -0.060976 -0.060976 0.000000 -0.677698 0.342139 -0.997705
-430.408020 940.190369 0.998318 0.002235 0.000699 -0.057931 -0.060976 -0.060976 0.000000 -0.672913 0.348718 -0.989929
-430.408020 940.190369 0.998322 0.001082 0.000653 -0.057885 0.000000 0.000000 0.000000 -0.651978 0.317615 -0.989331
-430.408020 940.190369 0.998326 0.000607 0.000680 -0.057837 0.000000 -0.060976 0.000000 -0.662744 0.345129 -0.982751
-430.408020 940.190369 0.998328 0.000282 0.000584 -0.057795 0.000000 0.000000 0.000000 -0.669324 0.351709 -0.980359
-430.408020 940.190369 0.998331 0.000210 0.000643 -0.057752 0.121951 0.060976 0.000000 -0.665137 0.354700 -0.977368
-430.408020 940.190369 0.998336 0.000051 0.000752 -0.057667 0.000000 0.000000 0.000000 -0.637024 0.330176 -1.003687
-430.408020 940.190369 0.998338 -0.000131 0.000657 -0.057627 0.000000 0.000000 0.000000 -0.662744 0.351709 -0.973779
-430.408020 940.190369 0.998341 -0.000154 0.000739 -0.057567 -0.060976 -0.060976 0.000000 -0.660950 0.362476 -0.992322
-430.408020 940.190369 0.998342 -0.000212 0.000745 -0.057557 0.000000 -0.060976 0.000000 -0.659155 0.357690 -0.994116
-430.408020 940.190369 0.998343 -0.000245 0.000718 -0.057545 -0.121951 -0.060976 0.000000 -0.661548 0.376233 -0.977966
-430.408020 940.190369 0.998345 -0.000252 0.000725 -0.057497 0.000000 0.000000 0.000000 -0.662744 0.352905 -0.991125
-430.408020 940.190369 0.998350 -0.000206 0.000723 -0.057425 -0.060976 -0.060976 0.000000 -0.657361 0.354700 -0.975574
-430.408020 940.190369 0.998352 -0.000190 0.000747 -0.057384 0.060976 0.121951 0.000000 -0.663940 0.358289 -0.995911
-430.408020 940.190369 0.998354 -0.000411 0.000583 -0.057354 0.000000 0.000000 0.000000 -0.667529 0.360681 -0.981555
-430.408020 940.190369 0.998356 -0.000359 0.000615 -0.057313 -0.060976 -0.060976 0.000000 -0.686072 0.364270 -0.987537
-430.408020 940.190369 0.998360 -0.000435 0.000685 -0.057246 0.000000 -0.060976 0.000000 -0.669922 0.364868 -1.001892
-430.408020 940.190369 0.998366 -0.000303 0.000663 -0.057140 -0.060976 0.000000 0.000000 -0.658557 0.351111 -0.989929
